System.CurrrentDirectory                ./
System.Name                             RESULT
DATA.PATH                               ~/program/openmx3.9/DFT_DATA19
level.of.stdout                         0
level.of.fileout                        0
Species.Number                          2
<Definition.of.Atomic.Species
Si  Si7.0-s2p2d1  Si_PBE19
B     B7.0-s2p2d1     B_PBE19
Definition.of.Atomic.Species>
Atoms.Number                            31
Atoms.SpeciesAndCoordinates.Unit        Ang
<Atoms.SpeciesAndCoordinates
   1   Si    3.59404129823510    0.95766603015414   15.23527981076200     2.00000000000000     2.00000000000000
   2   Si    4.03687460282930    5.06257618000041   15.23427477475374     2.00000000000000     2.00000000000000
   3   Si    7.37020806092946    2.62716816880168   15.23507231695065     2.00000000000000     2.00000000000000
   4   Si    5.00025122862024    2.88246173558730   15.67926876111218     2.00000000000000     2.00000000000000
   5   Si    8.33423185900060    4.80703208507316   15.67922024721207     2.00000000000000     2.00000000000000
   6    B    1.66645832024332    0.95707675271735   16.04214832815627     1.50000000000000     1.50000000000000
   7   Si    5.00051950471783    2.88649635184062   18.07713596270458     2.00000000000000     2.00000000000000
   8   Si    8.33397719423814    4.81100553069154   18.07709913497201     2.00000000000000     2.00000000000000
   9   Si    1.66668999544752    0.96182648271035   18.05476350441721     2.00000000000000     2.00000000000000
  10   Si    6.11693995930009    0.96140071279394   18.87409572732227     2.00000000000000     2.00000000000000
  11   Si    6.10891051492921    4.81547760864603   18.87410742861448     2.00000000000000     2.00000000000000
  12   Si    2.77534188265983    2.88134103852148   18.87381335339644     2.00000000000000     2.00000000000000
  13   Si    2.77924369140603    2.88290835732916   21.24618678450050     2.00000000000000     2.00000000000000
  14   Si    6.11284388897308    4.80318849534220   21.24636378495269     2.00000000000000     2.00000000000000
  15   Si    6.10904216555186    0.95616526185039   21.24637204005858     2.00000000000000     2.00000000000000
  16   Si    3.88961948514832    4.80567166728324   22.04827817366119     2.00000000000000     2.00000000000000
  17   Si    7.22327019429428    2.87943797262862   22.04835286330677     2.00000000000000     2.00000000000000
  18   Si    3.88822784849322    0.95559944374373   22.04833174141413     2.00000000000000     2.00000000000000
  19   Si    3.88907604973292    4.79128959499746   24.42876913808468     2.00000000000000     2.00000000000000
  20   Si    3.88907604973292    0.94201071319597   24.42876913808468     2.00000000000000     2.00000000000000
  21   Si    7.22264934762396    2.86665015409673   24.42876913808468     2.00000000000000     2.00000000000000
  22   Si    5.00035994683658    2.88695916135111   25.21449989959170     2.00000000000000     2.00000000000000
  23   Si    8.33393324472762    4.81159860225187   25.21449989959170     2.00000000000000     2.00000000000000
  24   Si    1.66678664894552    0.96231972045037   25.21449989959170     2.00000000000000     2.00000000000000
  25   Si    5.00035994683658    2.88695916135111   27.57169218411290     2.00000000000000     2.00000000000000
  26   Si    8.33393324472762    4.81159860225187   27.57169218411290     2.00000000000000     2.00000000000000
  27   Si    1.66678664894552    0.96231972045037   27.57169218411290     2.00000000000000     2.00000000000000
  28   Si    6.11164384394022    0.98262872770477   28.35742294561994     2.00000000000000     2.00000000000000
  29   Si    2.77807054604918    2.90726816860551   28.35742294561994     2.00000000000000     2.00000000000000
  30   Si    6.11164384394022    4.83190760950626   28.35742294561994     2.00000000000000     2.00000000000000
  31   Si    1.66706297479924    0.95848871867183   13.80826532310000     2.00000000000000     2.00000000000000
Atoms.SpeciesAndCoordinates>
Atoms.UnitVectors.Unit  Ang
<Atoms.UnitVectors
  6.667146595782080   0.000000000000000   0.000000000000000 
  3.333573297891040   5.773918322702230   0.000000000000000 
  0.000000000000000   0.000000000000000  40.000000000000000 
Atoms.UnitVectors>
scf.XcType                              GGA-PBE
scf.SpinPolarization                    on
scf.ElectronicTemperature               300.0
scf.energycutoff                        220.0
scf.maxIter                             100
scf.EigenvalueSolver                    band
scf.Kgrid                               3  3  1
scf.Mixing.Type                         rmm-diisk
scf.Init.Mixing.Weight                  0.05
scf.Min.Mixing.Weight                   0.01
scf.Max.Mixing.Weight                   0.30
scf.Mixing.History                      25
scf.Mixing.StartPulay                   15
scf.criterion                           1.0e-7

MD.Type                                 nomd
MD.maxIter                              100
MD.TimeStep                             1.0
MD.Opt.criterion                        0.0003

<MD.Fixed.XYZ
1  0 0 0
2  0 0 0
3  0 0 0
4  0 0 0
5  0 0 0
6  0 0 0
7  0 0 0
8  0 0 0
9  0 0 0
10  0 0 0
11  0 0 0
12  0 0 0
13  0 0 0
14  0 0 0
15  0 0 0
16  0 0 0
17  0 0 0
18  0 0 0
19  1 1 1
20  1 1 1
21  1 1 1
22  1 1 1
23  1 1 1
24  1 1 1
25  1 1 1
26  1 1 1
27  1 1 1
28  1 1 1
29  1 1 1
30  1 1 1
31  0 0 0
MD.Fixed.XYZ>




scf.fixed.grid    -0.01422476795838   -0.00821267360994    2.80920364789691

DM.export   on
